#group: free  frags first [ 2^0   2^1   2^2   2^3   2^4   2^5   2^6   2^7   2^8   2^9   2^10  2^11  2^12  2^13  ]
#0    : 21023 1     11745 [ 1     1     1     1     1     0     0     0     0     1     0     0     1     2     ]
#1    : 1642  16    1030  [ 10    6     9     10    6     6     3     2     1     1     0     0     0     0     ]
#2    : 2851  8     7     [ 5     5     1     4     3     2     2     2     1     2     1     0     0     0     ]
#3    : 1018  1     1030  [ 0     1     0     1     1     1     1     1     1     1     0     0     0     0     ]
#4    : 0     0     32768 [ 0     0     0     0     0     0     0     0     0     0     0     0     0     0     ]
#5    : 1018  1     1030  [ 0     1     0     1     1     1     1     1     1     1     0     0     0     0     ]
#6    : 0     0     32768 [ 0     0     0     0     0     0     0     0     0     0     0     0     0     0     ]
#7    : 1018  1     1030  [ 0     1     0     1     1     1     1     1     1     1     0     0     0     0     ]
#8    : 0     0     32768 [ 0     0     0     0     0     0     0     0     0     0     0     0     0     0     ]
#9    : 1018  1     1030  [ 0     1     0     1     1     1     1     1     1     1     0     0     0     0     ]
#10   : 0     0     32768 [ 0     0     0     0     0     0     0     0     0     0     0     0     0     0     ]
#11   : 0     0     32768 [ 0     0     0     0     0     0     0     0     0     0     0     0     0     0     ]
#12   : 0     0     32768 [ 0     0     0     0     0     0     0     0     0     0     0     0     0     0     ]
#13   : 0     0     32768 [ 0     0     0     0     0     0     0     0     0     0     0     0     0     0     ]
#14   : 0     0     32768 [ 0     0     0     0     0     0     0     0     0     0     0     0     0     0     ]
#15   : 0     0     32768 [ 0     0     0     0     0     0     0     0     0     0     0     0     0     0     ]
#16   : 21719 1     11049 [ 1     1     1     0     1     0     1     1     0     0     1     0     1     2     ]
#17   : 1527  2     6     [ 1     1     1     0     1     1     1     1     1     0     1     0     0     0     ]
#18   : 0     0     32768 [ 0     0     0     0     0     0     0     0     0     0     0     0     0     0     ]
#19   : 3347  1     29421 [ 1     1     0     0     1     0     0     0     1     0     1     1     0     0     ]
#20   : 25935 7     212   [ 5     3     5     4     3     3     2     4     4     3     0     1     1     2     ]
#21   : 32768 1     0     [ 0     0     0     0     0     0     0     0     0     0     0     0     0     4     ]
#22   : 32768 1     0     [ 0     0     0     0     0     0     0     0     0     0     0     0     0     4     ]
#23   : 32768 1     0     [ 0     0     0     0     0     0     0     0     0     0     0     0     0     4     ]
#24   : 32768 1     0     [ 0     0     0     0     0     0     0     0     0     0     0     0     0     4     ]
#25   : 31738 1     1030  [ 0     1     0     1     1     1     1     1     1     1     0     1     1     3     ]
#26   : 32768 1     0     [ 0     0     0     0     0     0     0     0     0     0     0     0     0     4     ]
#27   : 31738 1     1030  [ 0     1     0     1     1     1     1     1     1     1     0     1     1     3     ]
#28   : 32768 1     0     [ 0     0     0     0     0     0     0     0     0     0     0     0     0     4     ]
#29   : 32768 1     0     [ 0     0     0     0     0     0     0     0     0     0     0     0     0     4     ]
#30   : 32768 1     0     [ 0     0     0     0     0     0     0     0     0     0     0     0     0     4     ]
#31   : 32768 1     0     [ 0     0     0     0     0     0     0     0     0     0     0     0     0     4     ]
#32   : 24543 1     8225  [ 1     1     1     1     1     0     1     1     1     1     1     1     1     2     ]
#33   : 32768 1     0     [ 0     0     0     0     0     0     0     0     0     0     0     0     0     4     ]
#34   : 32768 1     0     [ 0     0     0     0     0     0     0     0     0     0     0     0     0     4     ]
#35   : 32768 1     0     [ 0     0     0     0     0     0     0     0     0     0     0     0     0     4     ]
#36   : 32768 1     0     [ 0     0     0     0     0     0     0     0     0     0     0     0     0     4     ]
#37   : 32768 1     0     [ 0     0     0     0     0     0     0     0     0     0     0     0     0     4     ]
#38   : 32768 1     0     [ 0     0     0     0     0     0     0     0     0     0     0     0     0     4     ]
#39   : 32768 1     0     [ 0     0     0     0     0     0     0     0     0     0     0     0     0     4     ]
#40   : 32768 1     0     [ 0     0     0     0     0     0     0     0     0     0     0     0     0     4     ]
#41   : 32768 1     0     [ 0     0     0     0     0     0     0     0     0     0     0     0     0     4     ]
#42   : 32768 1     0     [ 0     0     0     0     0     0     0     0     0     0     0     0     0     4     ]
#43   : 32768 1     0     [ 0     0     0     0     0     0     0     0     0     0     0     0     0     4     ]
#44   : 32768 1     0     [ 0     0     0     0     0     0     0     0     0     0     0     0     0     4     ]
#45   : 32768 1     0     [ 0     0     0     0     0     0     0     0     0     0     0     0     0     4     ]
#46   : 32768 1     0     [ 0     0     0     0     0     0     0     0     0     0     0     0     0     4     ]
#47   : 32768 1     0     [ 0     0     0     0     0     0     0     0     0     0     0     0     0     4     ]
#48   : 24541 1     8227  [ 1     0     1     1     1     0     1     1     1     1     1     1     1     2     ]
#49   : 31733 1     1034  [ 1     0     1     0     1     1     1     1     1     1     0     1     1     3     ]
#50   : 32768 1     0     [ 0     0     0     0     0     0     0     0     0     0     0     0     0     4     ]
#51   : 32768 1     0     [ 0     0     0     0     0     0     0     0     0     0     0     0     0     4     ]
#52   : 32768 1     0     [ 0     0     0     0     0     0     0     0     0     0     0     0     0     4     ]
#53   : 32768 1     0     [ 0     0     0     0     0     0     0     0     0     0     0     0     0     4     ]
#54   : 32768 1     0     [ 0     0     0     0     0     0     0     0     0     0     0     0     0     4     ]
#55   : 32768 1     0     [ 0     0     0     0     0     0     0     0     0     0     0     0     0     4     ]
#56   : 32768 1     0     [ 0     0     0     0     0     0     0     0     0     0     0     0     0     4     ]
#57   : 32768 1     0     [ 0     0     0     0     0     0     0     0     0     0     0     0     0     4     ]
#58   : 32768 1     0     [ 0     0     0     0     0     0     0     0     0     0     0     0     0     4     ]
#59   : 32768 1     0     [ 0     0     0     0     0     0     0     0     0     0     0     0     0     4     ]
#60   : 32768 1     0     [ 0     0     0     0     0     0     0     0     0     0     0     0     0     4     ]
#61   : 32768 1     0     [ 0     0     0     0     0     0     0     0     0     0     0     0     0     4     ]
#62   : 32768 1     0     [ 0     0     0     0     0     0     0     0     0     0     0     0     0     4     ]
#63   : 32768 1     0     [ 0     0     0     0     0     0     0     0     0     0     0     0     0     4     ]
#64   : 24544 1     8224  [ 0     0     0     0     0     1     1     1     1     1     1     1     1     2     ]
#65   : 32768 1     0     [ 0     0     0     0     0     0     0     0     0     0     0     0     0     4     ]
#66   : 32768 1     0     [ 0     0     0     0     0     0     0     0     0     0     0     0     0     4     ]
#67   : 32768 1     0     [ 0     0     0     0     0     0     0     0     0     0     0     0     0     4     ]
#68   : 32768 1     0     [ 0     0     0     0     0     0     0     0     0     0     0     0     0     4     ]
#69   : 32768 1     0     [ 0     0     0     0     0     0     0     0     0     0     0     0     0     4     ]
#70   : 32768 1     0     [ 0     0     0     0     0     0     0     0     0     0     0     0     0     4     ]
#71   : 32768 1     0     [ 0     0     0     0     0     0     0     0     0     0     0     0     0     4     ]
#72   : 32768 1     0     [ 0     0     0     0     0     0     0     0     0     0     0     0     0     4     ]
#73   : 32768 1     0     [ 0     0     0     0     0     0     0     0     0     0     0     0     0     4     ]
#74   : 32768 1     0     [ 0     0     0     0     0     0     0     0     0     0     0     0     0     4     ]
#75   : 32768 1     0     [ 0     0     0     0     0     0     0     0     0     0     0     0     0     4     ]
#76   : 32768 1     0     [ 0     0     0     0     0     0     0     0     0     0     0     0     0     4     ]
#77   : 32768 1     0     [ 0     0     0     0     0     0     0     0     0     0     0     0     0     4     ]
#78   : 32768 1     0     [ 0     0     0     0     0     0     0     0     0     0     0     0     0     4     ]
#79   : 32768 1     0     [ 0     0     0     0     0     0     0     0     0     0     0     0     0     4     ]
#80   : 24544 1     8224  [ 0     0     0     0     0     1     1     1     1     1     1     1     1     2     ]
#81   : 31738 1     1030  [ 0     1     0     1     1     1     1     1     1     1     0     1     1     3     ]
#82   : 32768 1     0     [ 0     0     0     0     0     0     0     0     0     0     0     0     0     4     ]
#83   : 32768 1     0     [ 0     0     0     0     0     0     0     0     0     0     0     0     0     4     ]
#84   : 32768 1     0     [ 0     0     0     0     0     0     0     0     0     0     0     0     0     4     ]
#85   : 32768 1     0     [ 0     0     0     0     0     0     0     0     0     0     0     0     0     4     ]
#86   : 32768 1     0     [ 0     0     0     0     0     0     0     0     0     0     0     0     0     4     ]
#87   : 32768 1     0     [ 0     0     0     0     0     0     0     0     0     0     0     0     0     4     ]
#88   : 32768 1     0     [ 0     0     0     0     0     0     0     0     0     0     0     0     0     4     ]
#89   : 32768 1     0     [ 0     0     0     0     0     0     0     0     0     0     0     0     0     4     ]
#90   : 32768 1     0     [ 0     0     0     0     0     0     0     0     0     0     0     0     0     4     ]
#91   : 32768 1     0     [ 0     0     0     0     0     0     0     0     0     0     0     0     0     4     ]
#92   : 32768 1     0     [ 0     0     0     0     0     0     0     0     0     0     0     0     0     4     ]
#93   : 32768 1     0     [ 0     0     0     0     0     0     0     0     0     0     0     0     0     4     ]
#94   : 32768 1     0     [ 0     0     0     0     0     0     0     0     0     0     0     0     0     4     ]
#95   : 32768 1     0     [ 0     0     0     0     0     0     0     0     0     0     0     0     0     4     ]
#96   : 23594 1     8236  [ 0     1     0     1     0     1     0     0     0     0     1     1     1     2     ]
#97   : 28710 56    83    [ 32    1     21    18    22    14    14    13    8     1     4     1     0     2     ]
#98   : 24854 1     7914  [ 0     1     1     0     1     0     0     0     1     0     0     0     0     3     ]
#99   : 32768 1     0     [ 0     0     0     0     0     0     0     0     0     0     0     0     0     4     ]
#100  : 32768 1     0     [ 0     0     0     0     0     0     0     0     0     0     0     0     0     4     ]
#101  : 32768 1     0     [ 0     0     0     0     0     0     0     0     0     0     0     0     0     4     ]
#102  : 32768 1     0     [ 0     0     0     0     0     0     0     0     0     0     0     0     0     4     ]
#103  : 32768 1     0     [ 0     0     0     0     0     0     0     0     0     0     0     0     0     4     ]
#104  : 32768 1     0     [ 0     0     0     0     0     0     0     0     0     0     0     0     0     4     ]
#105  : 32768 1     0     [ 0     0     0     0     0     0     0     0     0     0     0     0     0     4     ]
#106  : 32768 1     0     [ 0     0     0     0     0     0     0     0     0     0     0     0     0     4     ]
#107  : 32768 1     0     [ 0     0     0     0     0     0     0     0     0     0     0     0     0     4     ]
#108  : 32768 1     0     [ 0     0     0     0     0     0     0     0     0     0     0     0     0     4     ]
#109  : 32768 1     0     [ 0     0     0     0     0     0     0     0     0     0     0     0     0     4     ]
#110  : 32768 1     0     [ 0     0     0     0     0     0     0     0     0     0     0     0     0     4     ]
#111  : 32768 1     0     [ 0     0     0     0     0     0     0     0     0     0     0     0     0     4     ]
#112  : 23521 1     9247  [ 1     0     0     0     0     1     1     1     1     1     0     1     1     2     ]
#113  : 0     0     32768 [ 0     0     0     0     0     0     0     0     0     0     0     0     0     0     ]
#114  : 0     0     8184  [ 0     0     0     0     0     0     0     0     0     0     0     0     0     0     ]
#115  : 0     0     9088  [ 0     0     0     0     0     0     0     0     0     0     0     0     0     0     ]
#116  : 26545 7     5040  [ 1     4     2     0     0     1     0     1     1     1     1     0     0     3     ]
#117  : 32768 1     0     [ 0     0     0     0     0     0     0     0     0     0     0     0     0     4     ]
#118  : 32768 1     0     [ 0     0     0     0     0     0     0     0     0     0     0     0     0     4     ]
#119  : 32768 1     0     [ 0     0     0     0     0     0     0     0     0     0     0     0     0     4     ]
#120  : 32768 1     0     [ 0     0     0     0     0     0     0     0     0     0     0     0     0     4     ]
#121  : 32768 1     0     [ 0     0     0     0     0     0     0     0     0     0     0     0     0     4     ]
#122  : 32768 1     0     [ 0     0     0     0     0     0     0     0     0     0     0     0     0     4     ]
#123  : 32768 1     0     [ 0     0     0     0     0     0     0     0     0     0     0     0     0     4     ]
#124  : 32768 1     0     [ 0     0     0     0     0     0     0     0     0     0     0     0     0     4     ]
#125  : 31738 1     1030  [ 0     1     0     1     1     1     1     1     1     1     0     1     1     3     ]
#126  : 32768 1     0     [ 0     0     0     0     0     0     0     0     0     0     0     0     0     4     ]
#127  : 32768 1     0     [ 0     0     0     0     0     0     0     0     0     0     0     0     0     4     ]
#128  : 23597 1     9171  [ 1     0     1     1     0     1     0     0     0     0     1     1     1     2     ]
#129  : 0     0     32768 [ 0     0     0     0     0     0     0     0     0     0     0     0     0     0     ]
#130  : 950   8     13804 [ 2     4     5     1     1     0     0     1     1     1     0     0     0     0     ]
#131  : 32768 1     0     [ 0     0     0     0     0     0     0     0     0     0     0     0     0     4     ]
#132  : 32768 1     0     [ 0     0     0     0     0     0     0     0     0     0     0     0     0     4     ]
#133  : 32768 1     0     [ 0     0     0     0     0     0     0     0     0     0     0     0     0     4     ]
#134  : 32768 1     0     [ 0     0     0     0     0     0     0     0     0     0     0     0     0     4     ]
#135  : 32768 1     0     [ 0     0     0     0     0     0     0     0     0     0     0     0     0     4     ]
#136  : 32768 1     0     [ 0     0     0     0     0     0     0     0     0     0     0     0     0     4     ]
#137  : 32768 1     0     [ 0     0     0     0     0     0     0     0     0     0     0     0     0     4     ]
#138  : 32768 1     0     [ 0     0     0     0     0     0     0     0     0     0     0     0     0     4     ]
#139  : 32768 1     0     [ 0     0     0     0     0     0     0     0     0     0     0     0     0     4     ]
#140  : 32768 1     0     [ 0     0     0     0     0     0     0     0     0     0     0     0     0     4     ]
#141  : 32768 1     0     [ 0     0     0     0     0     0     0     0     0     0     0     0     0     4     ]
#142  : 32768 1     0     [ 0     0     0     0     0     0     0     0     0     0     0     0     0     4     ]
#143  : 32768 1     0     [ 0     0     0     0     0     0     0     0     0     0     0     0     0     4     ]
#144  : 23709 1     9059  [ 1     0     1     1     1     0     0     1     0     0     1     1     1     2     ]
#145  : 0     0     32768 [ 0     0     0     0     0     0     0     0     0     0     0     0     0     0     ]
#146  : 22254 3     9088  [ 0     1     1     1     0     1     1     1     0     1     1     0     1     2     ]
#147  : 32768 1     0     [ 0     0     0     0     0     0     0     0     0     0     0     0     0     4     ]
#148  : 32768 1     0     [ 0     0     0     0     0     0     0     0     0     0     0     0     0     4     ]
#149  : 32768 1     0     [ 0     0     0     0     0     0     0     0     0     0     0     0     0     4     ]
#150  : 32768 1     0     [ 0     0     0     0     0     0     0     0     0     0     0     0     0     4     ]
#151  : 32768 1     0     [ 0     0     0     0     0     0     0     0     0     0     0     0     0     4     ]
#152  : 32768 1     0     [ 0     0     0     0     0     0     0     0     0     0     0     0     0     4     ]
#153  : 32768 1     0     [ 0     0     0     0     0     0     0     0     0     0     0     0     0     4     ]
#154  : 32768 1     0     [ 0     0     0     0     0     0     0     0     0     0     0     0     0     4     ]
#155  : 32768 1     0     [ 0     0     0     0     0     0     0     0     0     0     0     0     0     4     ]
#156  : 32768 1     0     [ 0     0     0     0     0     0     0     0     0     0     0     0     0     4     ]
#157  : 32768 1     0     [ 0     0     0     0     0     0     0     0     0     0     0     0     0     4     ]
#158  : 32768 1     0     [ 0     0     0     0     0     0     0     0     0     0     0     0     0     4     ]
#159  : 32768 1     0     [ 0     0     0     0     0     0     0     0     0     0     0     0     0     4     ]
#160  : 23777 1     8991  [ 1     0     0     0     0     1     1     1     0     0     1     1     1     2     ]
#161  : 18703 3     8     [ 1     1     1     1     0     0     0     0     1     0     0     1     0     2     ]
#162  : 32768 1     0     [ 0     0     0     0     0     0     0     0     0     0     0     0     0     4     ]
#163  : 32768 1     0     [ 0     0     0     0     0     0     0     0     0     0     0     0     0     4     ]
#164  : 32768 1     0     [ 0     0     0     0     0     0     0     0     0     0     0     0     0     4     ]
#165  : 32768 1     0     [ 0     0     0     0     0     0     0     0     0     0     0     0     0     4     ]
#166  : 32768 1     0     [ 0     0     0     0     0     0     0     0     0     0     0     0     0     4     ]
#167  : 32768 1     0     [ 0     0     0     0     0     0     0     0     0     0     0     0     0     4     ]
#168  : 32768 1     0     [ 0     0     0     0     0     0     0     0     0     0     0     0     0     4     ]
#169  : 32768 1     0     [ 0     0     0     0     0     0     0     0     0     0     0     0     0     4     ]
#170  : 32768 1     0     [ 0     0     0     0     0     0     0     0     0     0     0     0     0     4     ]
#171  : 32768 1     0     [ 0     0     0     0     0     0     0     0     0     0     0     0     0     4     ]
#172  : 32768 1     0     [ 0     0     0     0     0     0     0     0     0     0     0     0     0     4     ]
#173  : 32768 1     0     [ 0     0     0     0     0     0     0     0     0     0     0     0     0     4     ]
#174  : 32768 1     0     [ 0     0     0     0     0     0     0     0     0     0     0     0     0     4     ]
#175  : 32768 1     0     [ 0     0     0     0     0     0     0     0     0     0     0     0     0     4     ]
#176  : 23673 1     9095  [ 1     0     0     1     1     1     1     0     0     0     1     1     1     2     ]
#177  : 28031 1     42    [ 1     1     1     1     1     1     1     0     1     0     1     1     0     3     ]
#178  : 32768 1     0     [ 0     0     0     0     0     0     0     0     0     0     0     0     0     4     ]
#179  : 32768 1     0     [ 0     0     0     0     0     0     0     0     0     0     0     0     0     4     ]
#180  : 32768 1     0     [ 0     0     0     0     0     0     0     0     0     0     0     0     0     4     ]
#181  : 32768 1     0     [ 0     0     0     0     0     0     0     0     0     0     0     0     0     4     ]
#182  : 32768 1     0     [ 0     0     0     0     0     0     0     0     0     0     0     0     0     4     ]
#183  : 32768 1     0     [ 0     0     0     0     0     0     0     0     0     0     0     0     0     4     ]
#184  : 32768 1     0     [ 0     0     0     0     0     0     0     0     0     0     0     0     0     4     ]
#185  : 32768 1     0     [ 0     0     0     0     0     0     0     0     0     0     0     0     0     4     ]
#186  : 32768 1     0     [ 0     0     0     0     0     0     0     0     0     0     0     0     0     4     ]
#187  : 32768 1     0     [ 0     0     0     0     0     0     0     0     0     0     0     0     0     4     ]
#188  : 32768 1     0     [ 0     0     0     0     0     0     0     0     0     0     0     0     0     4     ]
#189  : 32768 1     0     [ 0     0     0     0     0     0     0     0     0     0     0     0     0     4     ]
#190  : 32768 1     0     [ 0     0     0     0     0     0     0     0     0     0     0     0     0     4     ]
#191  : 32768 1     0     [ 0     0     0     0     0     0     0     0     0     0     0     0     0     4     ]
#192  : 23666 1     9102  [ 0     1     0     0     1     1     1     0     0     0     1     1     1     2     ]
#193  : 31083 1     8     [ 1     1     0     1     0     1     1     0     1     0     0     1     1     3     ]
#194  : 32768 1     0     [ 0     0     0     0     0     0     0     0     0     0     0     0     0     4     ]
#195  : 32768 1     0     [ 0     0     0     0     0     0     0     0     0     0     0     0     0     4     ]
#196  : 32768 1     0     [ 0     0     0     0     0     0     0     0     0     0     0     0     0     4     ]
#197  : 32768 1     0     [ 0     0     0     0     0     0     0     0     0     0     0     0     0     4     ]
#198  : 32768 1     0     [ 0     0     0     0     0     0     0     0     0     0     0     0     0     4     ]
#199  : 32768 1     0     [ 0     0     0     0     0     0     0     0     0     0     0     0     0     4     ]
#200  : 32768 1     0     [ 0     0     0     0     0     0     0     0     0     0     0     0     0     4     ]
#201  : 32768 1     0     [ 0     0     0     0     0     0     0     0     0     0     0     0     0     4     ]
#202  : 32768 1     0     [ 0     0     0     0     0     0     0     0     0     0     0     0     0     4     ]
#203  : 32768 1     0     [ 0     0     0     0     0     0     0     0     0     0     0     0     0     4     ]
#204  : 32768 1     0     [ 0     0     0     0     0     0     0     0     0     0     0     0     0     4     ]
#205  : 32768 1     0     [ 0     0     0     0     0     0     0     0     0     0     0     0     0     4     ]
#206  : 32768 1     0     [ 0     0     0     0     0     0     0     0     0     0     0     0     0     4     ]
#207  : 32768 1     0     [ 0     0     0     0     0     0     0     0     0     0     0     0     0     4     ]
#208  : 23674 1     9094  [ 0     1     0     1     1     1     1     0     0     0     1     1     1     2     ]
#209  : 31579 1     52    [ 1     1     0     1     1     0     1     0     1     1     0     1     1     3     ]
#210  : 32768 1     0     [ 0     0     0     0     0     0     0     0     0     0     0     0     0     4     ]
#211  : 32768 1     0     [ 0     0     0     0     0     0     0     0     0     0     0     0     0     4     ]
#212  : 32768 1     0     [ 0     0     0     0     0     0     0     0     0     0     0     0     0     4     ]
#213  : 32768 1     0     [ 0     0     0     0     0     0     0     0     0     0     0     0     0     4     ]
#214  : 32768 1     0     [ 0     0     0     0     0     0     0     0     0     0     0     0     0     4     ]
#215  : 32768 1     0     [ 0     0     0     0     0     0     0     0     0     0     0     0     0     4     ]
#216  : 32768 1     0     [ 0     0     0     0     0     0     0     0     0     0     0     0     0     4     ]
#217  : 32768 1     0     [ 0     0     0     0     0     0     0     0     0     0     0     0     0     4     ]
#218  : 32768 1     0     [ 0     0     0     0     0     0     0     0     0     0     0     0     0     4     ]
#219  : 32768 1     0     [ 0     0     0     0     0     0     0     0     0     0     0     0     0     4     ]
#220  : 32768 1     0     [ 0     0     0     0     0     0     0     0     0     0     0     0     0     4     ]
#221  : 32768 1     0     [ 0     0     0     0     0     0     0     0     0     0     0     0     0     4     ]
#222  : 32768 1     0     [ 0     0     0     0     0     0     0     0     0     0     0     0     0     4     ]
#223  : 32768 1     0     [ 0     0     0     0     0     0     0     0     0     0     0     0     0     4     ]
#224  : 23772 1     8996  [ 0     0     1     1     1     0     1     1     0     0     1     1     1     2     ]
#225  : 24639 4     0     [ 1     1     3     0     1     1     0     0     0     0     0     0     0     3     ]
#226  : 32768 1     0     [ 0     0     0     0     0     0     0     0     0     0     0     0     0     4     ]
#227  : 32768 1     0     [ 0     0     0     0     0     0     0     0     0     0     0     0     0     4     ]
#228  : 32768 1     0     [ 0     0     0     0     0     0     0     0     0     0     0     0     0     4     ]
#229  : 32768 1     0     [ 0     0     0     0     0     0     0     0     0     0     0     0     0     4     ]
#230  : 32768 1     0     [ 0     0     0     0     0     0     0     0     0     0     0     0     0     4     ]
#231  : 32768 1     0     [ 0     0     0     0     0     0     0     0     0     0     0     0     0     4     ]
#232  : 32768 1     0     [ 0     0     0     0     0     0     0     0     0     0     0     0     0     4     ]
#233  : 32768 1     0     [ 0     0     0     0     0     0     0     0     0     0     0     0     0     4     ]
#234  : 32768 1     0     [ 0     0     0     0     0     0     0     0     0     0     0     0     0     4     ]
#235  : 32768 1     0     [ 0     0     0     0     0     0     0     0     0     0     0     0     0     4     ]
#236  : 32768 1     0     [ 0     0     0     0     0     0     0     0     0     0     0     0     0     4     ]
#237  : 32768 1     0     [ 0     0     0     0     0     0     0     0     0     0     0     0     0     4     ]
#238  : 32768 1     0     [ 0     0     0     0     0     0     0     0     0     0     0     0     0     4     ]
#239  : 32768 1     0     [ 0     0     0     0     0     0     0     0     0     0     0     0     0     4     ]
#240  : 24533 1     8235  [ 1     0     1     0     1     0     1     1     1     1     1     1     1     2     ]
#241  : 30198 3     2512  [ 0     1     1     0     1     1     1     1     1     0     1     0     1     3     ]
#242  : 32768 1     0     [ 0     0     0     0     0     0     0     0     0     0     0     0     0     4     ]
#243  : 31738 1     1030  [ 0     1     0     1     1     1     1     1     1     1     0     1     1     3     ]
#244  : 32768 1     0     [ 0     0     0     0     0     0     0     0     0     0     0     0     0     4     ]
#245  : 32768 1     0     [ 0     0     0     0     0     0     0     0     0     0     0     0     0     4     ]
#246  : 32768 1     0     [ 0     0     0     0     0     0     0     0     0     0     0     0     0     4     ]
#247  : 32768 1     0     [ 0     0     0     0     0     0     0     0     0     0     0     0     0     4     ]
#248  : 32768 1     0     [ 0     0     0     0     0     0     0     0     0     0     0     0     0     4     ]
#249  : 32768 1     0     [ 0     0     0     0     0     0     0     0     0     0     0     0     0     4     ]
#250  : 32768 1     0     [ 0     0     0     0     0     0     0     0     0     0     0     0     0     4     ]
#251  : 32768 1     0     [ 0     0     0     0     0     0     0     0     0     0     0     0     0     4     ]
#252  : 32768 1     0     [ 0     0     0     0     0     0     0     0     0     0     0     0     0     4     ]
#253  : 32768 1     0     [ 0     0     0     0     0     0     0     0     0     0     0     0     0     4     ]
#254  : 32768 1     0     [ 0     0     0     0     0     0     0     0     0     0     0     0     0     4     ]
#255  : 32768 1     0     [ 0     0     0     0     0     0     0     0     0     0     0     0     0     4     ]
#256  : 24543 1     8225  [ 1     1     1     1     1     0     1     1     1     1     1     1     1     2     ]
#257  : 32768 1     0     [ 0     0     0     0     0     0     0     0     0     0     0     0     0     4     ]
#258  : 32768 1     0     [ 0     0     0     0     0     0     0     0     0     0     0     0     0     4     ]
#259  : 32768 1     0     [ 0     0     0     0     0     0     0     0     0     0     0     0     0     4     ]
#260  : 32768 1     0     [ 0     0     0     0     0     0     0     0     0     0     0     0     0     4     ]
#261  : 32768 1     0     [ 0     0     0     0     0     0     0     0     0     0     0     0     0     4     ]
#262  : 32768 1     0     [ 0     0     0     0     0     0     0     0     0     0     0     0     0     4     ]
#263  : 32768 1     0     [ 0     0     0     0     0     0     0     0     0     0     0     0     0     4     ]
#264  : 32768 1     0     [ 0     0     0     0     0     0     0     0     0     0     0     0     0     4     ]
#265  : 32768 1     0     [ 0     0     0     0     0     0     0     0     0     0     0     0     0     4     ]
#266  : 32768 1     0     [ 0     0     0     0     0     0     0     0     0     0     0     0     0     4     ]
#267  : 32768 1     0     [ 0     0     0     0     0     0     0     0     0     0     0     0     0     4     ]
#268  : 32768 1     0     [ 0     0     0     0     0     0     0     0     0     0     0     0     0     4     ]
#269  : 32768 1     0     [ 0     0     0     0     0     0     0     0     0     0     0     0     0     4     ]
#270  : 32768 1     0     [ 0     0     0     0     0     0     0     0     0     0     0     0     0     4     ]
#271  : 32768 1     0     [ 0     0     0     0     0     0     0     0     0     0     0     0     0     4     ]
#272  : 24543 1     8225  [ 1     1     1     1     1     0     1     1     1     1     1     1     1     2     ]
#273  : 32767 1     1     [ 1     1     1     1     1     1     1     1     1     1     1     1     1     3     ]
#274  : 32768 1     0     [ 0     0     0     0     0     0     0     0     0     0     0     0     0     4     ]
#275  : 32768 1     0     [ 0     0     0     0     0     0     0     0     0     0     0     0     0     4     ]
#276  : 32768 1     0     [ 0     0     0     0     0     0     0     0     0     0     0     0     0     4     ]
#277  : 32768 1     0     [ 0     0     0     0     0     0     0     0     0     0     0     0     0     4     ]
#278  : 32768 1     0     [ 0     0     0     0     0     0     0     0     0     0     0     0     0     4     ]
#279  : 32768 1     0     [ 0     0     0     0     0     0     0     0     0     0     0     0     0     4     ]
#280  : 32768 1     0     [ 0     0     0     0     0     0     0     0     0     0     0     0     0     4     ]
#281  : 32768 1     0     [ 0     0     0     0     0     0     0     0     0     0     0     0     0     4     ]
#282  : 32768 1     0     [ 0     0     0     0     0     0     0     0     0     0     0     0     0     4     ]
#283  : 32768 1     0     [ 0     0     0     0     0     0     0     0     0     0     0     0     0     4     ]
#284  : 32768 1     0     [ 0     0     0     0     0     0     0     0     0     0     0     0     0     4     ]
#285  : 32768 1     0     [ 0     0     0     0     0     0     0     0     0     0     0     0     0     4     ]
#286  : 32768 1     0     [ 0     0     0     0     0     0     0     0     0     0     0     0     0     4     ]
#287  : 32768 1     0     [ 0     0     0     0     0     0     0     0     0     0     0     0     0     4     ]
#288  : 24543 1     8225  [ 1     1     1     1     1     0     1     1     1     1     1     1     1     2     ]
#289  : 32768 1     0     [ 0     0     0     0     0     0     0     0     0     0     0     0     0     4     ]
#290  : 32768 1     0     [ 0     0     0     0     0     0     0     0     0     0     0     0     0     4     ]
#291  : 32768 1     0     [ 0     0     0     0     0     0     0     0     0     0     0     0     0     4     ]
#292  : 32768 1     0     [ 0     0     0     0     0     0     0     0     0     0     0     0     0     4     ]
#293  : 32768 1     0     [ 0     0     0     0     0     0     0     0     0     0     0     0     0     4     ]
#294  : 32768 1     0     [ 0     0     0     0     0     0     0     0     0     0     0     0     0     4     ]
#295  : 32768 1     0     [ 0     0     0     0     0     0     0     0     0     0     0     0     0     4     ]
#296  : 32768 1     0     [ 0     0     0     0     0     0     0     0     0     0     0     0     0     4     ]
#297  : 32768 1     0     [ 0     0     0     0     0     0     0     0     0     0     0     0     0     4     ]
#298  : 32768 1     0     [ 0     0     0     0     0     0     0     0     0     0     0     0     0     4     ]
#299  : 32768 1     0     [ 0     0     0     0     0     0     0     0     0     0     0     0     0     4     ]
#300  : 32768 1     0     [ 0     0     0     0     0     0     0     0     0     0     0     0     0     4     ]
#301  : 32768 1     0     [ 0     0     0     0     0     0     0     0     0     0     0     0     0     4     ]
#302  : 32768 1     0     [ 0     0     0     0     0     0     0     0     0     0     0     0     0     4     ]
#303  : 32768 1     0     [ 0     0     0     0     0     0     0     0     0     0     0     0     0     4     ]
#304  : 23933 1     8835  [ 1     0     1     1     1     1     1     0     1     0     1     1     1     2     ]
#305  : 25095 3     3     [ 1     1     1     0     0     0     2     1     1     2     1     1     1     2     ]
#306  : 32768 1     0     [ 0     0     0     0     0     0     0     0     0     0     0     0     0     4     ]
#307  : 32768 1     0     [ 0     0     0     0     0     0     0     0     0     0     0     0     0     4     ]
#308  : 32768 1     0     [ 0     0     0     0     0     0     0     0     0     0     0     0     0     4     ]
#309  : 32768 1     0     [ 0     0     0     0     0     0     0     0     0     0     0     0     0     4     ]
#310  : 32768 1     0     [ 0     0     0     0     0     0     0     0     0     0     0     0     0     4     ]
#311  : 32768 1     0     [ 0     0     0     0     0     0     0     0     0     0     0     0     0     4     ]
#312  : 32768 1     0     [ 0     0     0     0     0     0     0     0     0     0     0     0     0     4     ]
#313  : 32768 1     0     [ 0     0     0     0     0     0     0     0     0     0     0     0     0     4     ]
#314  : 32768 1     0     [ 0     0     0     0     0     0     0     0     0     0     0     0     0     4     ]
#315  : 32768 1     0     [ 0     0     0     0     0     0     0     0     0     0     0     0     0     4     ]
#316  : 32768 1     0     [ 0     0     0     0     0     0     0     0     0     0     0     0     0     4     ]
#317  : 32768 1     0     [ 0     0     0     0     0     0     0     0     0     0     0     0     0     4     ]
#318  : 32768 1     0     [ 0     0     0     0     0     0     0     0     0     0     0     0     0     4     ]
#319  : 32512 1     0     [ 0     0     0     0     0     0     0     0     1     1     1     1     1     3     ]
